,A,C,D,E,F,G,H,I,K,L,M,N,P,Q,R,S,T,V,W,Y,topt
K9L4P7,0.08443708609271522,0.004966887417218543,0.05629139072847682,0.054635761589403975,0.0380794701986755,0.08940397350993377,0.019867549668874173,0.052980132450331126,0.049668874172185434,0.08278145695364239,0.024834437086092717,0.05960264900662252,0.04801324503311258,0.04801324503311258,0.03311258278145696,0.061258278145695365,0.061258278145695365,0.07450331125827815,0.019867549668874173,0.03642384105960265,37.0
Q9L7P2,0.1058201058201058,0.01058201058201058,0.07407407407407407,0.0582010582010582,0.03439153439153439,0.05026455026455026,0.021164021164021163,0.026455026455026454,0.0873015873015873,0.0873015873015873,0.037037037037037035,0.04497354497354497,0.052910052910052914,0.031746031746031744,0.05026455026455026,0.07142857142857142,0.052910052910052914,0.047619047619047616,0.023809523809523808,0.031746031746031744,42.0
Q5JDG9,0.08843537414965986,0.003401360544217687,0.061224489795918366,0.06802721088435375,0.040816326530612235,0.11564625850340135,0.017006802721088437,0.057823129251700675,0.054421768707482984,0.1020408163265306,0.020408163265306117,0.047619047619047616,0.037414965986394565,0.010204081632653059,0.061224489795918366,0.054421768707482984,0.027210884353741496,0.09183673469387756,0.006802721088435374,0.034013605442176874,85.0
A0A0K2RV92,0.11604095563139932,0.01877133105802048,0.07508532423208192,0.03754266211604096,0.040955631399317405,0.10068259385665528,0.027303754266211604,0.034129692832764506,0.03071672354948805,0.06996587030716724,0.01877133105802048,0.05802047781569966,0.05119453924914676,0.042662116040955635,0.042662116040955635,0.05290102389078498,0.054607508532423216,0.061433447098976114,0.03071672354948805,0.03583617747440273,50.0
Q7S3R5,0.10476190476190476,0.009523809523809523,0.051700680272108834,0.0326530612244898,0.029931972789115642,0.11156462585034012,0.013605442176870748,0.04489795918367346,0.043537414965986385,0.08163265306122447,0.013605442176870748,0.059863945578231284,0.047619047619047616,0.03945578231292517,0.036734693877551024,0.08163265306122447,0.06802721088435375,0.07755102040816328,0.020408163265306117,0.031292517006802724,60.0
A3DEX4,0.057437407952871875,0.0117820324005891,0.06480117820324006,0.033873343151693665,0.04860088365243005,0.10014727540500737,0.014727540500736375,0.061855670103092786,0.06038291605301915,0.06038291605301915,0.017673048600883652,0.07069219440353461,0.05301914580265096,0.029455081001472757,0.029455081001472757,0.07216494845360824,0.07511045655375552,0.07216494845360824,0.01914580265095729,0.047128129602356406,50.0
Q153J0,0.12974051896207586,0.001996007984031936,0.04590818363273453,0.06387225548902195,0.03592814371257485,0.09780439121756487,0.02395209580838324,0.02395209580838324,0.0279441117764471,0.10978043912175647,0.017964071856287425,0.03792415169660679,0.04590818363273453,0.039920159680638716,0.08582834331337326,0.041916167664670656,0.041916167664670656,0.08183632734530938,0.009980039920159679,0.03592814371257485,78.0
B9E972,0.057724957555178265,0.01528013582342954,0.05602716468590832,0.0967741935483871,0.049235993208828516,0.05942275042444821,0.01528013582342954,0.057724957555178265,0.06960950764006793,0.0865874363327674,0.027164685908319185,0.05432937181663837,0.042444821731748725,0.02546689303904924,0.045840407470288634,0.06621392190152801,0.05263157894736842,0.06451612903225806,0.01867572156196944,0.03904923599320883,25.0
A8A8J4,0.05725190839694656,0.0038167938931297713,0.055979643765903316,0.094147582697201,0.031806615776081425,0.055979643765903316,0.010178117048346057,0.0648854961832061,0.10305343511450382,0.0979643765903308,0.019083969465648856,0.031806615776081425,0.047073791348600506,0.012722646310432571,0.0648854961832061,0.04580152671755725,0.025445292620865142,0.1068702290076336,0.017811704834605598,0.053435114503816786,70.0
A1DRD5,0.08253094910591471,0.011004126547455296,0.0577716643741403,0.0343878954607978,0.03576341127922971,0.09491059147180192,0.012379642365887207,0.03713892709766162,0.03988995873452544,0.07840440165061899,0.020632737276478682,0.1031636863823934,0.031636863823933985,0.03576341127922971,0.020632737276478682,0.09903713892709766,0.07565337001375516,0.06327372764786797,0.01375515818431912,0.052269601100412656,57.0
Q8RJN8,0.09389671361502347,0.004694835680751174,0.04225352112676056,0.03755868544600939,0.05868544600938967,0.07276995305164319,0.018779342723004692,0.03755868544600939,0.061032863849765265,0.07276995305164319,0.025821596244131457,0.11267605633802814,0.035211267605633804,0.051643192488262914,0.025821596244131457,0.061032863849765265,0.04929577464788732,0.04225352112676056,0.023474178403755867,0.07276995305164319,25.0
F9VPG1,0.05172413793103448,0.0,0.06206896551724138,0.05172413793103448,0.04137931034482759,0.05517241379310345,0.017241379310344827,0.08620689655172414,0.1,0.1206896551724138,0.017241379310344827,0.04137931034482759,0.05172413793103448,0.02413793103448276,0.013793103448275862,0.07241379310344828,0.05862068965517241,0.06896551724137931,0.0,0.06551724137931035,90.0
Q9KWL6,0.0967741935483871,0.020527859237536656,0.07331378299120235,0.049853372434017586,0.05571847507331378,0.07331378299120235,0.03812316715542522,0.06158357771260998,0.03225806451612903,0.08211143695014662,0.04105571847507331,0.04105571847507331,0.07331378299120235,0.03519061583577713,0.05278592375366569,0.03519061583577713,0.04398826979472141,0.05278592375366569,0.011730205278592377,0.029325513196480937,30.0
A0A1B1WA13,0.08235294117647059,0.0,0.07058823529411765,0.08235294117647059,0.06666666666666668,0.05882352941176471,0.05098039215686274,0.054901960784313725,0.05882352941176471,0.10588235294117647,0.015686274509803918,0.015686274509803918,0.05098039215686274,0.0392156862745098,0.05098039215686274,0.0392156862745098,0.0392156862745098,0.07058823529411765,0.015686274509803918,0.031372549019607836,35.0
Q5W503,0.12654320987654322,0.006172839506172839,0.05555555555555555,0.04629629629629629,0.037037037037037035,0.07716049382716049,0.02469135802469136,0.021604938271604937,0.04629629629629629,0.11419753086419752,0.027777777777777776,0.02469135802469136,0.06481481481481481,0.061728395061728385,0.027777777777777776,0.05864197530864197,0.04938271604938271,0.08333333333333333,0.012345679012345678,0.033950617283950615,65.0
A0A218NGS0,0.06666666666666668,0.008333333333333333,0.05,0.05833333333333333,0.03125,0.07916666666666666,0.029166666666666667,0.05625,0.05416666666666667,0.11041666666666666,0.035416666666666666,0.029166666666666667,0.075,0.03958333333333333,0.06875,0.04583333333333333,0.0375,0.07708333333333334,0.02083333333333333,0.02708333333333333,30.0
Q845T0,0.0972568578553616,0.017456359102244388,0.06483790523690773,0.054862842892768084,0.024937655860349132,0.08977556109725686,0.037406483790523685,0.0399002493765586,0.049875311720698264,0.09226932668329177,0.024937655860349132,0.034912718204488775,0.0598503740648379,0.014962593516209474,0.049875311720698264,0.04738154613466334,0.06982543640897755,0.07231920199501247,0.017456359102244388,0.0399002493765586,50.0
Q53EJ1,0.056213017751479286,0.02366863905325444,0.0621301775147929,0.06804733727810651,0.04733727810650888,0.059171597633136085,0.01183431952662722,0.04733727810650888,0.07692307692307693,0.09171597633136094,0.008875739644970414,0.0650887573964497,0.038461538461538464,0.04733727810650888,0.035502958579881665,0.07396449704142012,0.059171597633136085,0.0650887573964497,0.026627218934911243,0.035502958579881665,40.0
Q9C8W3,0.06982543640897755,0.02992518703241895,0.0598503740648379,0.05236907730673317,0.04239401496259352,0.06483790523690773,0.0399002493765586,0.032418952618453865,0.054862842892768084,0.10473815461346632,0.032418952618453865,0.04239401496259352,0.04738154613466334,0.012468827930174564,0.05236907730673317,0.09476309226932668,0.0399002493765586,0.06483790523690773,0.017456359102244388,0.04488778054862843,30.0
Q8R7L0,0.03867403314917127,0.011049723756906077,0.09392265193370164,0.08287292817679558,0.027624309392265192,0.0718232044198895,0.0055248618784530384,0.11049723756906077,0.09944751381215468,0.1160220994475138,0.03314917127071823,0.0055248618784530384,0.044198895027624314,0.0055248618784530384,0.044198895027624314,0.06629834254143646,0.03314917127071823,0.06629834254143646,0.0,0.044198895027624314,70.0
A3MV85,0.11447811447811447,0.01346801346801347,0.06397306397306397,0.06734006734006734,0.03367003367003367,0.060606060606060615,0.016835016835016838,0.037037037037037035,0.04713804713804714,0.11784511784511785,0.01346801346801347,0.02356902356902357,0.05387205387205387,0.01346801346801347,0.08417508417508418,0.03367003367003367,0.040404040404040414,0.12794612794612795,0.0,0.037037037037037035,55.0
A0ZSY5,0.06432748538011697,0.017543859649122806,0.06140350877192983,0.05555555555555555,0.03508771929824561,0.0935672514619883,0.029239766081871343,0.04678362573099415,0.08187134502923976,0.09064327485380116,0.04093567251461988,0.032163742690058485,0.049707602339181284,0.029239766081871343,0.049707602339181284,0.05555555555555555,0.04385964912280702,0.07017543859649122,0.005847953216374269,0.04678362573099415,52.5
Q8TZW1,0.08478802992518704,0.002493765586034913,0.05236907730673317,0.0972568578553616,0.017456359102244388,0.06982543640897755,0.02244389027431421,0.09476309226932668,0.06733167082294264,0.06982543640897755,0.017456359102244388,0.04488778054862843,0.04488778054862843,0.02244389027431421,0.054862842892768084,0.049875311720698264,0.037406483790523685,0.11221945137157108,0.002493765586034913,0.034912718204488775,90.0
Q2HQR8,0.08898305084745763,0.012711864406779662,0.07203389830508475,0.0635593220338983,0.03389830508474576,0.08898305084745763,0.012711864406779662,0.07203389830508475,0.06779661016949153,0.1059322033898305,0.029661016949152543,0.046610169491525424,0.046610169491525424,0.00847457627118644,0.029661016949152543,0.05084745762711865,0.059322033898305086,0.08898305084745763,0.00423728813559322,0.01694915254237288,25.0
A3MTW6,0.10921501706484643,0.006825938566552901,0.061433447098976114,0.07849829351535836,0.05119453924914676,0.11945392491467575,0.0,0.010238907849829351,0.023890784982935155,0.08532423208191127,0.013651877133105802,0.010238907849829351,0.054607508532423216,0.017064846416382253,0.08191126279863481,0.044368600682593864,0.023890784982935155,0.14334470989761092,0.040955631399317405,0.023890784982935155,120.0
Q82L49,0.0993103448275862,0.012413793103448277,0.06620689655172414,0.07586206896551724,0.038620689655172416,0.06896551724137931,0.03448275862068965,0.02620689655172414,0.019310344827586208,0.10620689655172412,0.03172413793103448,0.02482758620689655,0.06896551724137931,0.030344827586206893,0.0703448275862069,0.051034482758620686,0.0496551724137931,0.06344827586206897,0.027586206896551724,0.03448275862068965,30.0
A0A089QAB6,0.07363770250368189,0.010309278350515464,0.0544918998527246,0.020618556701030927,0.035346097201767304,0.10456553755522828,0.016200294550810016,0.050073637702503684,0.035346097201767304,0.0544918998527246,0.020618556701030927,0.058910162002945514,0.06480117820324006,0.035346097201767304,0.04418262150220914,0.10751104565537556,0.08689248895434462,0.06332842415316642,0.023564064801178203,0.039764359351988215,35.0
Q93WY5,0.12556053811659193,0.01345291479820628,0.06278026905829596,0.08520179372197309,0.044843049327354265,0.05381165919282512,0.017937219730941704,0.035874439461883414,0.07623318385650224,0.09417040358744394,0.02690582959641256,0.017937219730941704,0.05381165919282512,0.022421524663677132,0.04932735426008968,0.022421524663677132,0.035874439461883414,0.09865470852017937,0.03139013452914798,0.03139013452914798,38.0
P14518,0.1179245283018868,0.0330188679245283,0.03773584905660377,0.042452830188679236,0.02830188679245283,0.10377358490566037,0.0047169811320754715,0.08018867924528301,0.07075471698113207,0.02830188679245283,0.014150943396226415,0.04716981132075472,0.051886792452830184,0.0330188679245283,0.02830188679245283,0.08018867924528301,0.042452830188679236,0.0660377358490566,0.02358490566037736,0.0660377358490566,60.0
C0ZRJ2,0.08522727272727272,0.004261363636363636,0.07386363636363638,0.08522727272727272,0.03551136363636364,0.08096590909090909,0.02556818181818182,0.041193181818181816,0.03551136363636364,0.08096590909090909,0.02130681818181818,0.026988636363636364,0.05397727272727273,0.015625,0.05397727272727273,0.0625,0.06107954545454545,0.08806818181818182,0.026988636363636364,0.041193181818181816,20.0
I3XLC2,0.0550098231827112,0.007858546168958742,0.05893909626719057,0.07465618860510806,0.047151277013752456,0.0550098231827112,0.0412573673870334,0.06090373280943025,0.047151277013752456,0.0825147347740668,0.019646365422396856,0.04911591355599214,0.09037328094302556,0.0275049115913556,0.06090373280943025,0.03536345776031434,0.06286836935166994,0.06483300589390963,0.015717092337917484,0.04322200392927309,53.0
P30920,0.09192200557103064,0.0027855153203342623,0.0584958217270195,0.018105849582172703,0.055710306406685235,0.08495821727019498,0.016713091922005572,0.04596100278551532,0.043175487465181066,0.061281337047353765,0.018105849582172703,0.0905292479108635,0.034818941504178275,0.02924791086350975,0.026462395543175487,0.07799442896935932,0.1086350974930362,0.06963788300835655,0.019498607242339837,0.04596100278551532,65.0
Q05GU3,0.04867256637168142,0.02654867256637168,0.07079646017699115,0.03982300884955752,0.03982300884955752,0.050884955752212385,0.033185840707964605,0.04867256637168142,0.04867256637168142,0.0752212389380531,0.02433628318584071,0.050884955752212385,0.06194690265486725,0.030973451327433624,0.08185840707964602,0.06194690265486725,0.059734513274336286,0.05530973451327434,0.02654867256637168,0.06415929203539822,23.0
Q5S1P9,0.08506616257088846,0.04158790170132325,0.06805293005671077,0.02457466918714556,0.03402646502835538,0.10964083175803403,0.013232514177693763,0.026465028355387527,0.03591682419659736,0.04914933837429111,0.022684310018903597,0.05103969754253308,0.03969754253308128,0.04158790170132325,0.022684310018903597,0.1001890359168242,0.11909262759924386,0.05293005671077505,0.01701323251417769,0.04536862003780719,35.0
V5LER1,0.08333333333333333,0.006172839506172839,0.07407407407407407,0.009259259259259259,0.02469135802469136,0.10185185185185183,0.012345679012345678,0.05555555555555555,0.05555555555555555,0.06481481481481481,0.009259259259259259,0.04938271604938271,0.04629629629629629,0.027777777777777776,0.04938271604938271,0.10493827160493828,0.07098765432098765,0.05864197530864197,0.040123456790123455,0.05555555555555555,40.0
C0LLG9,0.05693950177935943,0.0035587188612099642,0.06880189798339265,0.07829181494661921,0.04863582443653618,0.08659549228944248,0.021352313167259787,0.06880189798339265,0.08422301304863583,0.06998813760379596,0.015421115065243182,0.039145907473309614,0.045077105575326216,0.0166073546856465,0.045077105575326216,0.03677342823250297,0.051008303677342826,0.08540925266903915,0.021352313167259787,0.05693950177935943,80.0
M4VLM9,0.0593607305936073,0.0289193302891933,0.0989345509893455,0.0487062404870624,0.0852359208523592,0.0821917808219178,0.0243531202435312,0.0380517503805175,0.0821917808219178,0.0669710806697108,0.0273972602739726,0.0273972602739726,0.0578386605783866,0.015220700152206999,0.0365296803652968,0.0517503805175038,0.0669710806697108,0.0441400304414003,0.0182648401826484,0.0395738203957382,40.0
O15922,0.116331096196868,0.017897091722595078,0.05592841163310962,0.04921700223713647,0.040268456375838924,0.07158836689038031,0.013422818791946308,0.020134228187919462,0.042505592841163314,0.06263982102908278,0.03131991051454139,0.03131991051454139,0.05592841163310962,0.024608501118568236,0.07606263982102908,0.10738255033557048,0.07158836689038031,0.06487695749440715,0.015659955257270694,0.03131991051454139,37.0
Q93V61,0.053691275167785234,0.020134228187919462,0.06487695749440715,0.060402684563758385,0.04921700223713647,0.07829977628635347,0.024608501118568236,0.06263982102908278,0.06935123042505592,0.09395973154362416,0.02237136465324385,0.042505592841163314,0.0447427293064877,0.024608501118568236,0.03579418344519016,0.07158836689038031,0.04697986577181208,0.07158836689038031,0.024608501118568236,0.03803131991051454,63.0
Q33CQ4,0.08333333333333333,0.023809523809523808,0.05952380952380953,0.03968253968253968,0.03968253968253968,0.12698412698412698,0.011904761904761904,0.06349206349206349,0.09126984126984126,0.03571428571428571,0.003968253968253968,0.07539682539682539,0.023809523809523808,0.047619047619047616,0.01984126984126984,0.05952380952380953,0.07142857142857142,0.0873015873015873,0.011904761904761904,0.023809523809523808,55.0
Q74C76,0.08143939393939394,0.013257575757575758,0.060606060606060615,0.08901515151515152,0.03977272727272727,0.06818181818181818,0.03598484848484849,0.06818181818181818,0.08522727272727272,0.0928030303030303,0.015151515151515154,0.043560606060606064,0.032196969696969696,0.02462121212121212,0.04924242424242424,0.058712121212121215,0.04166666666666666,0.06818181818181818,0.005681818181818182,0.02651515151515152,37.0
S4TYB2,0.08771929824561403,0.013645224171539959,0.07407407407407407,0.06042884990253411,0.07797270955165693,0.08382066276803117,0.023391812865497075,0.03508771929824561,0.037037037037037035,0.0682261208576998,0.025341130604288498,0.029239766081871343,0.07017543859649122,0.048732943469785565,0.0428849902534113,0.04678362573099415,0.038986354775828465,0.07017543859649122,0.025341130604288498,0.04093567251461988,60.0
Q974L0,0.05909090909090909,0.006818181818181818,0.045454545454545456,0.10454545454545454,0.027272727272727268,0.07954545454545454,0.01590909090909091,0.11136363636363636,0.08863636363636364,0.09545454545454546,0.025,0.04318181818181818,0.038636363636363635,0.013636363636363636,0.04318181818181818,0.04772727272727273,0.031818181818181815,0.0659090909090909,0.011363636363636364,0.045454545454545456,80.0
Q57ZS7,0.09164969450101833,0.020366598778004074,0.048879837067209775,0.057026476578411416,0.012219959266802444,0.10590631364562117,0.016293279022403257,0.06517311608961303,0.05091649694501019,0.09164969450101833,0.03258655804480652,0.03258655804480652,0.030549898167006113,0.024439918533604887,0.0814663951120163,0.07331975560081466,0.052953156822810585,0.10183299389002036,0.004073319755600814,0.006109979633401222,38.0
Q6TA03,0.04972375690607735,0.024861878453038676,0.07458563535911603,0.022099447513812157,0.03314917127071823,0.1298342541436464,0.016574585635359115,0.0580110497237569,0.0580110497237569,0.06353591160220995,0.0055248618784530384,0.08287292817679558,0.022099447513812157,0.019337016574585638,0.016574585635359115,0.10773480662983426,0.08011049723756906,0.10220994475138122,0.013812154696132596,0.019337016574585638,55.0
Q14749,0.08135593220338982,0.02711864406779661,0.07457627118644068,0.04067796610169491,0.030508474576271188,0.0847457627118644,0.03389830508474576,0.03728813559322034,0.0576271186440678,0.09830508474576273,0.020338983050847456,0.02711864406779661,0.04067796610169491,0.03728813559322034,0.05084745762711865,0.06440677966101695,0.05084745762711865,0.07796610169491526,0.01694915254237288,0.04745762711864407,25.0
A0A075EKG1,0.09534883720930233,0.00813953488372093,0.060465116279069774,0.055813953488372085,0.03023255813953488,0.1058139534883721,0.009302325581395349,0.040697674418604654,0.03023255813953488,0.08023255813953488,0.01511627906976744,0.06395348837209303,0.054651162790697684,0.0372093023255814,0.040697674418604654,0.06976744186046513,0.060465116279069774,0.06627906976744186,0.02441860465116279,0.05116279069767442,60.0
Q7XZE6,0.068359375,0.013671875,0.048828125,0.05859375,0.021484375,0.0703125,0.021484375,0.0546875,0.06640625,0.091796875,0.033203125,0.048828125,0.056640625,0.021484375,0.052734375,0.091796875,0.05859375,0.0703125,0.015625,0.03515625,37.0
Q8J0S3,0.0746987951807229,0.024096385542168683,0.06987951807228916,0.05301204819277108,0.04819277108433735,0.10120481927710843,0.04096385542168675,0.0746987951807229,0.05783132530120483,0.060240963855421686,0.028915662650602414,0.033734939759036145,0.06506024096385543,0.02650602409638554,0.04578313253012048,0.05542168674698795,0.033734939759036145,0.06746987951807229,0.012048192771084338,0.02650602409638554,37.0
Q1XD17,0.09219858156028367,0.01773049645390071,0.07092198581560284,0.02836879432624113,0.05319148936170213,0.0673758865248227,0.014184397163120569,0.046099290780141834,0.056737588652482275,0.060283687943262415,0.010638297872340424,0.05319148936170213,0.056737588652482275,0.0425531914893617,0.03546099290780142,0.08156028368794327,0.05319148936170213,0.07446808510638298,0.02836879432624113,0.056737588652482275,22.0
D2KBH9,0.06937799043062201,0.02870813397129187,0.06937799043062201,0.04066985645933014,0.03349282296650718,0.0645933014354067,0.0215311004784689,0.0645933014354067,0.04066985645933014,0.0861244019138756,0.0215311004784689,0.0430622009569378,0.0645933014354067,0.03827751196172249,0.07177033492822966,0.07655502392344497,0.0430622009569378,0.045454545454545456,0.01674641148325359,0.05980861244019139,37.0
D5HN83,0.1625615763546798,0.0,0.06403940886699508,0.04433497536945813,0.03448275862068965,0.1083743842364532,0.019704433497536943,0.039408866995073885,0.024630541871921183,0.12315270935960593,0.014778325123152709,0.019704433497536943,0.04926108374384237,0.0049261083743842365,0.08374384236453201,0.04926108374384237,0.06896551724137931,0.06403940886699508,0.014778325123152709,0.009852216748768471,45.0
B3Y006,0.06774193548387097,0.0064516129032258064,0.06451612903225806,0.0967741935483871,0.02903225806451613,0.08387096774193549,0.00967741935483871,0.07419354838709677,0.07741935483870968,0.05806451612903226,0.03225806451612903,0.06451612903225806,0.04193548387096775,0.01935483870967742,0.03225806451612903,0.08064516129032258,0.045161290322580636,0.05161290322580645,0.016129032258064516,0.04838709677419355,60.0
P46805,0.0462046204620462,0.0132013201320132,0.049504950495049514,0.10891089108910892,0.07590759075907591,0.0858085808580858,0.0099009900990099,0.056105610561056105,0.07260726072607261,0.099009900990099,0.0198019801980198,0.0099009900990099,0.0429042904290429,0.0132013201320132,0.06600660066006599,0.0594059405940594,0.0462046204620462,0.0924092409240924,0.0,0.03300330033003299,60.0
P50740,0.11461318051575932,0.005730659025787965,0.03151862464183381,0.07736389684813752,0.02865329512893983,0.09455587392550144,0.02005730659025788,0.08595988538681948,0.051575931232091685,0.09742120343839543,0.025787965616045846,0.034383954154727794,0.025787965616045846,0.04011461318051576,0.048710601719197714,0.09455587392550144,0.048710601719197714,0.05444126074498568,0.005730659025787965,0.014326647564469915,37.0
Q872L3,0.07008086253369272,0.0215633423180593,0.05121293800539083,0.05390835579514825,0.0646900269541779,0.08355795148247977,0.03234501347708895,0.05929919137466307,0.05121293800539083,0.09433962264150944,0.01078167115902965,0.0646900269541779,0.04582210242587601,0.03234501347708895,0.029649595687331536,0.061994609164420476,0.0646900269541779,0.04582210242587601,0.01078167115902965,0.05121293800539083,42.5
Q8U3L0,0.0561122244488978,0.0,0.04809619238476954,0.12625250501002006,0.052104208416833664,0.050100200400801605,0.026052104208416832,0.07214428857715431,0.07414829659318638,0.10821643286573146,0.02004008016032064,0.02404809619238477,0.046092184368737465,0.02004008016032064,0.07014028056112225,0.04208416833667335,0.03807615230460922,0.0561122244488978,0.02404809619238477,0.046092184368737465,90.0
P56526,0.0883248730964467,0.007106598984771574,0.05279187817258883,0.045685279187817264,0.04365482233502538,0.07715736040609138,0.028426395939086295,0.03959390862944162,0.024365482233502538,0.08629441624365483,0.012182741116751269,0.05380710659898477,0.059898477157360415,0.04060913705583756,0.03756345177664975,0.08629441624365483,0.06598984771573604,0.0700507614213198,0.02741116751269036,0.05279187817258883,37.0
Q6QA21,0.06666666666666668,0.004444444444444445,0.04444444444444445,0.031111111111111114,0.031111111111111114,0.1288888888888889,0.017777777777777778,0.031111111111111114,0.031111111111111114,0.048888888888888885,0.008888888888888889,0.06666666666666668,0.02666666666666667,0.031111111111111114,0.022222222222222227,0.1111111111111111,0.12,0.07555555555555556,0.02666666666666667,0.07555555555555556,55.0
O86728,0.1397738951695786,0.006166495375128468,0.06783144912641316,0.038026721479958885,0.025693730729701957,0.10071942446043164,0.017471736896197326,0.02158273381294964,0.03494347379239465,0.0565262076053443,0.014388489208633094,0.03699897225077081,0.05447070914696814,0.03494347379239465,0.025693730729701957,0.08735868448098665,0.09249743062692704,0.053442959917780065,0.0328879753340185,0.05858170606372045,50.0
Q8J0D2,0.09729064039408868,0.006157635467980296,0.06896551724137931,0.030788177339901482,0.0332512315270936,0.11330049261083745,0.01600985221674877,0.041871921182266014,0.0480295566502463,0.054187192118226604,0.018472906403940892,0.05295566502463054,0.0665024630541872,0.024630541871921183,0.03201970443349754,0.08004926108374384,0.07881773399014777,0.061576354679802964,0.03448275862068965,0.04064039408866995,55.0
D5LNE5,0.0611764705882353,0.014117647058823532,0.08470588235294117,0.08470588235294117,0.04235294117647058,0.0611764705882353,0.03058823529411765,0.08941176470588236,0.08470588235294117,0.08705882352941176,0.02117647058823529,0.05647058823529413,0.023529411764705882,0.009411764705882352,0.051764705882352935,0.05647058823529413,0.028235294117647063,0.05647058823529413,0.023529411764705882,0.03294117647058824,75.0
Q6IYF2,0.08441558441558443,0.01948051948051948,0.06493506493506493,0.05844155844155844,0.025974025974025976,0.15584415584415584,0.05844155844155844,0.07142857142857142,0.06493506493506493,0.05844155844155844,0.012987012987012988,0.06493506493506493,0.03896103896103896,0.012987012987012988,0.01948051948051948,0.032467532467532464,0.07792207792207792,0.07142857142857142,0.0,0.006493506493506494,25.0
A5A5J1,0.07329842931937172,0.0,0.07853403141361258,0.07068062827225131,0.031413612565445025,0.10209424083769633,0.031413612565445025,0.0549738219895288,0.07853403141361258,0.07068062827225131,0.013089005235602094,0.060209424083769635,0.03403141361256545,0.03664921465968586,0.020942408376963352,0.06282722513089005,0.05759162303664921,0.06282722513089005,0.007853403141361256,0.052356020942408384,55.0
Q4CVA1,0.07950530035335689,0.0176678445229682,0.03003533568904593,0.08657243816254417,0.04063604240282685,0.051236749116607784,0.0176678445229682,0.03356890459363958,0.06890459363957598,0.09717314487632507,0.022968197879858657,0.04240282685512368,0.044169611307420496,0.0353356890459364,0.06713780918727916,0.051236749116607784,0.05477031802120141,0.09363957597173143,0.012367491166077738,0.0530035335689046,37.0
H9CWQ0,0.11244979919678716,0.01606425702811245,0.08433734939759037,0.07429718875502007,0.050200803212851405,0.08634538152610442,0.006024096385542169,0.03614457831325301,0.0321285140562249,0.07228915662650602,0.02208835341365462,0.028112449799196783,0.06224899598393574,0.02008032128514056,0.030120481927710843,0.07429718875502007,0.08835341365461848,0.058232931726907626,0.018072289156626502,0.028112449799196783,35.0
Q6L2X5,0.025210084033613446,0.007352941176470587,0.06197478991596639,0.0703781512605042,0.057773109243697475,0.04936974789915966,0.015756302521008403,0.12394957983193278,0.10294117647058824,0.08088235294117647,0.018907563025210083,0.10504201680672268,0.036764705882352935,0.014705882352941175,0.01995798319327731,0.05672268907563025,0.03466386554621849,0.0388655462184874,0.012605042016806723,0.0661764705882353,70.0
G3FNL7,0.04794520547945205,0.0136986301369863,0.0547945205479452,0.06164383561643835,0.0273972602739726,0.0410958904109589,0.06164383561643835,0.0547945205479452,0.06164383561643835,0.07534246575342465,0.02054794520547945,0.0684931506849315,0.0547945205479452,0.02054794520547945,0.0410958904109589,0.07534246575342465,0.07534246575342465,0.0958904109589041,0.00684931506849315,0.0410958904109589,37.0
Q5JFI4,0.10828025477707008,0.006369426751592357,0.025477707006369428,0.10191082802547773,0.03184713375796178,0.09554140127388536,0.01910828025477707,0.07006369426751592,0.07006369426751592,0.07006369426751592,0.044585987261146494,0.03821656050955414,0.044585987261146494,0.006369426751592357,0.025477707006369428,0.050955414012738856,0.050955414012738856,0.08917197452229299,0.01910828025477707,0.03184713375796178,100.0
O58049,0.028409090909090905,0.005681818181818182,0.07954545454545454,0.13636363636363635,0.022727272727272728,0.05681818181818181,0.0,0.09090909090909093,0.11363636363636365,0.09659090909090907,0.03409090909090909,0.028409090909090905,0.045454545454545456,0.005681818181818182,0.03409090909090909,0.011363636363636364,0.0625,0.11931818181818182,0.011363636363636364,0.017045454545454544,95.0
C1KKR1,0.1423728813559322,0.006779661016949152,0.04406779661016949,0.09152542372881356,0.04406779661016949,0.09491525423728814,0.023728813559322038,0.0576271186440678,0.020338983050847456,0.09491525423728814,0.020338983050847456,0.023728813559322038,0.061016949152542375,0.020338983050847456,0.07796610169491526,0.03728813559322034,0.05084745762711865,0.06440677966101695,0.010169491525423728,0.013559322033898305,40.0
Q9YC66,0.0502283105022831,0.0091324200913242,0.0684931506849315,0.0547945205479452,0.0365296803652968,0.0639269406392694,0.0136986301369863,0.0867579908675799,0.0365296803652968,0.1050228310502283,0.0182648401826484,0.0319634703196347,0.0593607305936073,0.0091324200913242,0.1278538812785388,0.0639269406392694,0.0365296803652968,0.0410958904109589,0.0182648401826484,0.0684931506849315,60.0
Q9Y763,0.12437810945273632,0.0,0.01492537313432836,0.06965174129353234,0.05472636815920398,0.11940298507462685,0.01990049751243781,0.06467661691542287,0.05472636815920398,0.06965174129353234,0.01492537313432836,0.01990049751243781,0.07462686567164177,0.02985074626865672,0.01492537313432836,0.06467661691542287,0.06965174129353234,0.05472636815920398,0.02487562189054726,0.03980099502487562,30.0
A0A0A0Q4S7,0.0683311432325887,0.001314060446780552,0.08409986859395532,0.035479632063074903,0.051248357424441525,0.08804204993429697,0.017082785808147174,0.051248357424441525,0.04336399474375821,0.06438896189224705,0.014454664914586069,0.06438896189224705,0.04204993429697766,0.03416557161629435,0.03416557161629435,0.09067017082785807,0.08541392904073587,0.0657030223390276,0.014454664914586069,0.04993429697766097,50.0
Q8J2N2,0.09283819628647216,0.010610079575596816,0.07427055702917773,0.06631299734748011,0.05305039787798409,0.07692307692307693,0.026525198938992044,0.0583554376657825,0.06896551724137931,0.07957559681697612,0.007957559681697613,0.03448275862068965,0.037135278514588865,0.03978779840848806,0.026525198938992044,0.08222811671087532,0.06896551724137931,0.055702917771883284,0.005305039787798408,0.03448275862068965,70.0
P29853,0.0705765407554672,0.009940357852882704,0.057654075546719676,0.04970178926441352,0.036779324055666,0.09741550695825048,0.018886679920477132,0.046719681908548714,0.04572564612326044,0.0904572564612326,0.007952286282306162,0.04970178926441352,0.0536779324055666,0.02783300198807157,0.03180914512922465,0.09940357852882704,0.07852882703777336,0.05864811133200795,0.016898608349900597,0.05168986083499006,65.0
Q5JI09,0.08633093525179858,0.007194244604316547,0.0539568345323741,0.11510791366906475,0.025179856115107917,0.08992805755395683,0.02158273381294964,0.07553956834532374,0.08633093525179858,0.10071942446043164,0.017985611510791366,0.039568345323741004,0.02158273381294964,0.007194244604316547,0.05035971223021583,0.039568345323741004,0.039568345323741004,0.04676258992805756,0.02877697841726619,0.04676258992805756,90.0
A3DJQ6,0.07113821138211382,0.011178861788617886,0.061991869918699184,0.061991869918699184,0.061991869918699184,0.06300813008130081,0.016260162601626018,0.061991869918699184,0.07215447154471545,0.08739837398373984,0.022357723577235773,0.06808943089430894,0.03353658536585366,0.03455284552845528,0.03861788617886179,0.04878048780487805,0.06402439024390244,0.061991869918699184,0.008130081300813009,0.0508130081300813,40.0
Q00444,0.1126126126126126,0.018018018018018014,0.027027027027027032,0.06306306306306306,0.022522522522522518,0.054054054054054064,0.027027027027027032,0.036036036036036036,0.06306306306306306,0.058558558558558564,0.036036036036036036,0.054054054054054064,0.09009009009009007,0.054054054054054064,0.07657657657657657,0.09009009009009007,0.040540540540540536,0.013513513513513514,0.013513513513513514,0.04954954954954955,22.0
Q7BPX6,0.10588235294117647,0.005882352941176471,0.05882352941176471,0.06470588235294117,0.05,0.10588235294117647,0.014705882352941175,0.06764705882352941,0.06176470588235295,0.08235294117647059,0.011764705882352941,0.026470588235294117,0.05,0.026470588235294117,0.041176470588235294,0.05882352941176471,0.04411764705882353,0.06470588235294117,0.008823529411764706,0.05,38.0
Q6I7B6,0.08666666666666667,0.0022222222222222227,0.057777777777777775,0.08444444444444445,0.031111111111111114,0.09333333333333334,0.015555555555555557,0.06444444444444444,0.06888888888888889,0.08666666666666667,0.022222222222222227,0.03333333333333333,0.05111111111111112,0.006666666666666667,0.06222222222222223,0.042222222222222223,0.04666666666666667,0.1,0.013333333333333334,0.031111111111111114,90.0
D4GSN2,0.13031161473087818,0.028328611898017,0.08781869688385269,0.06232294617563739,0.0141643059490085,0.1076487252124646,0.0339943342776204,0.0169971671388102,0.0056657223796034,0.08498583569405099,0.019830028328611898,0.0226628895184136,0.05382436260623229,0.019830028328611898,0.056657223796034,0.050991501416430586,0.05382436260623229,0.12464589235127478,0.0141643059490085,0.0113314447592068,80.0
P00936,0.0554245283018868,0.01768867924528302,0.050707547169811316,0.07075471698113207,0.04363207547169811,0.0554245283018868,0.0294811320754717,0.04599056603773585,0.03419811320754717,0.12264150943396225,0.018867924528301886,0.049528301886792456,0.04599056603773585,0.04716981132075472,0.0660377358490566,0.07429245283018868,0.03891509433962264,0.06721698113207547,0.018867924528301886,0.04716981132075472,46.0
Q9LCT3,0.08951965065502182,0.004366812227074236,0.052401746724890834,0.10698689956331878,0.03275109170305677,0.06550218340611354,0.03056768558951965,0.05676855895196506,0.055676855895196505,0.10262008733624453,0.02292576419213974,0.034934497816593885,0.03602620087336245,0.058951965065502175,0.06768558951965066,0.04366812227074236,0.04366812227074236,0.05786026200873363,0.006550218340611353,0.03056768558951965,30.0
L8B3D7,0.0625,0.0020833333333333333,0.08958333333333332,0.0625,0.04791666666666667,0.07708333333333334,0.025,0.03333333333333333,0.05625,0.06666666666666668,0.02291666666666666,0.05625,0.05416666666666667,0.05625,0.05416666666666667,0.052083333333333336,0.05,0.0625,0.0125,0.05625,40.0
A0A0N7IZL9,0.06326530612244897,0.02244897959183673,0.05510204081632653,0.09795918367346937,0.040816326530612235,0.07755102040816328,0.02244897959183673,0.048979591836734684,0.059183673469387764,0.08571428571428573,0.02244897959183673,0.040816326530612235,0.040816326530612235,0.0326530612244898,0.05510204081632653,0.061224489795918366,0.051020408163265314,0.07142857142857142,0.0163265306122449,0.034693877551020415,34.0
Q3IFA2,0.0981012658227848,0.00949367088607595,0.07278481012658228,0.06645569620253164,0.03481012658227848,0.07278481012658228,0.006329113924050633,0.0949367088607595,0.06329113924050632,0.08544303797468354,0.02848101265822785,0.03164556962025317,0.04113924050632911,0.05063291139240506,0.04746835443037975,0.03481012658227848,0.06329113924050632,0.05379746835443038,0.006329113924050633,0.0379746835443038,30.0
A2TEY6,0.09978308026030368,0.02386117136659436,0.06724511930585682,0.026030368763557483,0.04121475054229935,0.08026030368763558,0.028199566160520606,0.03904555314533623,0.030368763557483733,0.08459869848156182,0.019522776572668116,0.043383947939262466,0.054229934924078085,0.054229934924078085,0.04989154013015185,0.07592190889370933,0.06724511930585682,0.05639913232104121,0.008676789587852495,0.04989154013015185,45.0
A0A077JN67,0.11419753086419752,0.027777777777777776,0.0308641975308642,0.095679012345679,0.021604938271604937,0.12037037037037035,0.012345679012345678,0.015432098765432096,0.00308641975308642,0.095679012345679,0.009259259259259259,0.015432098765432096,0.07407407407407407,0.006172839506172839,0.12654320987654322,0.040123456790123455,0.04629629629629629,0.095679012345679,0.018518518518518517,0.0308641975308642,65.0
Q9YC65,0.08133971291866028,0.0,0.05263157894736842,0.07416267942583732,0.019138755980861243,0.09569377990430622,0.0071770334928229675,0.062200956937799035,0.06698564593301436,0.08133971291866028,0.031100478468899517,0.0430622009569378,0.045454545454545456,0.023923444976076555,0.057416267942583726,0.0430622009569378,0.05263157894736842,0.10287081339712917,0.019138755980861243,0.04066985645933014,100.0
G8N704,0.056751467710371824,0.0,0.09393346379647748,0.0547945205479452,0.0547945205479452,0.06262230919765166,0.021526418786692758,0.056751467710371824,0.07436399217221135,0.10371819960861056,0.025440313111545987,0.05088062622309197,0.05088062622309197,0.0273972602739726,0.05283757338551859,0.019569471624266144,0.05088062622309197,0.06066536203522505,0.02348336594911937,0.058708414872798424,80.0
P96155,0.08183306055646483,0.016366612111292964,0.06873977086743044,0.06873977086743044,0.03764320785597381,0.05237315875613748,0.0425531914893617,0.06710310965630115,0.03764320785597381,0.10310965630114566,0.011456628477905071,0.02618657937806874,0.060556464811783964,0.049099836333878884,0.05400981996726677,0.058919803600654665,0.045826513911620285,0.055646481178396066,0.019639934533551555,0.0425531914893617,38.0
Q9S467,0.08064516129032258,0.010080645161290322,0.05040322580645161,0.09274193548387097,0.05040322580645161,0.0846774193548387,0.03225806451612903,0.046370967741935484,0.04032258064516129,0.08669354838709678,0.038306451612903226,0.034274193548387094,0.04233870967741935,0.034274193548387094,0.0625,0.04435483870967742,0.04233870967741935,0.08266129032258064,0.024193548387096774,0.020161290322580645,60.0
P00591,0.04666666666666667,0.031111111111111114,0.06666666666666668,0.04666666666666667,0.05555555555555555,0.08666666666666667,0.022222222222222227,0.057777777777777775,0.048888888888888885,0.06444444444444444,0.008888888888888889,0.06888888888888889,0.05555555555555555,0.03777777777777778,0.04666666666666667,0.07111111111111111,0.05555555555555555,0.07777777777777778,0.015555555555555557,0.03555555555555556,42.5
Q9UWF8,0.09235668789808917,0.0,0.04777070063694268,0.10509554140127388,0.012738853503184714,0.11146496815286623,0.01910828025477707,0.07643312101910828,0.07961783439490445,0.05732484076433121,0.03184713375796178,0.025477707006369428,0.044585987261146494,0.041401273885350316,0.050955414012738856,0.01592356687898089,0.04777070063694268,0.10191082802547773,0.012738853503184714,0.025477707006369428,90.0
B0LV85,0.10138248847926268,0.02304147465437788,0.08755760368663594,0.03225806451612903,0.04147465437788018,0.12903225806451613,0.02304147465437788,0.036866359447004615,0.08294930875576037,0.07834101382488479,0.009216589861751152,0.07373271889400923,0.05069124423963134,0.018433179723502304,0.009216589861751152,0.07834101382488479,0.03225806451612903,0.04608294930875576,0.009216589861751152,0.036866359447004615,58.0
D1G4K3,0.08849557522123894,0.008849557522123894,0.057522123893805316,0.03982300884955752,0.030973451327433624,0.13716814159292035,0.017699115044247787,0.03982300884955752,0.017699115044247787,0.05309734513274336,0.008849557522123894,0.06194690265486725,0.030973451327433624,0.035398230088495575,0.03982300884955752,0.07079646017699115,0.09292035398230088,0.05309734513274336,0.035398230088495575,0.07964601769911504,75.0
